1345,42620,42627,42658,42631,42673,42639,42630,42637,42662,42656,42667,42670,42663,42644,42672,42651,42634,42675,42654,42646,42674,42650,42671,42636,42657,42629,42632,42645,42648,42624,42647
1372,43169,43332,43269,43334,43344,43296,43350,43342,43294,43279,43314,43316,43274,43312,43326,43271,43302,43281,43348,43346,43285,43293,43283,43300,43289,43291,43301,43320
1381,43438,43445,43447,43493,43490,43474,43485,43469,43450,43462,43488,43454,43452,43448,43489,43491,43481,43453,43464,43475,43443,43472,43476,43482,43457,43444,43487,43470
1409,43986,44073,44048,44052,44051,44091,44089,44068,44061,44043,44046,44072,44049,44084,44071,44060,44086,44075,44063,44044,44056,44081,44087,44080,44074,44090,44062,44082,44045,44050,44055
1417,44254,44278,44298,44310,44281,44271,44264,44308,44292,44306,44269,44261,44286,44274,44262,44279,44291,44270,44289,44309,44305,44267,44272,44307,44302,44266,44296,44282,44300,44285,44268
1429,44474,44498,44499,44525,44513,44529,44522,44519,44518,44527,44510,44494,44509,44524,44485,44482,44479,44487,44530,44480,44506,44512,44490,44508,44526,44481,44523,44515,44502,44507,44492
1440,44745,44841,44844,44849,44802,44839,44806,44801,44838,44821,44831,44832,44804,44848,44830,44846,44847,44808,44840,44817,44823,44816,44814,44803,44818,44827,44842
1463,45288,45351,45371,45345,45347,45378,45374,45369,45363,45394,45376,45355,45395,45390,45391,45357,45381,45344,45375,45356,45384,45354,45383,45366,45350,45359,45380,45372,45367,45379,45360
1466,45291,45430,45444,45404,45428,45416,45409,45442,45407,45418,45435,45401,45399,45445,45403,45423,45438,45447,45406,45439,45402,45429,45426,45443,45408,45413,45427,45421,45424,45434
1467,45448,45467,45501,45462,45453,45450,45457,45487,45483,45469,45480,45477,45472,45476,45461,45458,45499,45498,45489,45460,45493,45479,45466,45496,45456,45470,45478,45464,45471,45488,45490
1468,45449,45522,45524,45505,45512,45535,45553,45507,45532,45534,45514,45536,45548,45541,45515,45529,45544,45545,45549,45508,45513,45509,45550,45551,45510,45518,45537,45502,45523,45504
1469,45554,45560,45589,45563,45579,45568,45577,45569,45564,45605,45604,45567,45603,45562,45590,45600,45596,45570,45584,45587,45608,45606,45565,45599,45591,45574,45597,45602,45607,45593
1471,45556,45638,45659,45614,45650,45641,45661,45656,45613,45617,45612,45627,45645,45619,45618,45651,45657,45662,45654,45642,45623,45643,45633,45621,45630,45626,45624,45632,45649,45653,45625
1472,45610,45762,45737,45728,45689,45682,45755,45760,45724,45686,45761,45754,45751,45765,45747,45745,45693,45744,45713,45716,45699,45752,45691,45742,45759,45732,45684
1474,45767,45803,45817,45796,45777,45819,45784,45776,45782,45774,45779,45775,45789,45814,45808,45801,45795,45781,45791,45799,45807,45820,45818,45816,45772,45780,45785,45793,45786,45813,45771
1475,45768,45829,45834,45873,45874,45844,45867,45857,45832,45871,45846,45872,45858,45830,45851,45863,45866,45837,45843,45835,45856,45875,45836,45847,45841,45864,45859,45869
1476,45821,45927,45895,45896,45919,45908,45926,45903,45887,45879,45881,45923,45924,45891,45915,45922,45882,45898,45888,45906,45883,45909,45925,45884,45910,45886,45901,45900,45885,45899,45914
1477,45822,45935,45970,45974,45936,45940,45938,45958,45939,45948,45977,45931,45971,45962,45975,45961,45960,45979,45967,45934,45955,45976,45941,45933,45950,45968,45943,45954,45978,45966
1479,45981,46045,46067,46075,46065,46083,46048,46051,46038,46040,46042,46043,46037,46057,46062,46046,46050,46078,46081,46047,46068,46041,46069,46054,46074,46082,46060,46072,46080,46052,46049
1482,46087,46154,46171,46190,46161,46148,46163,46167,46156,46179,46186,46174,46146,46147,46152,46144,46188,46191,46153,46175,46151,46184,46149,46168,46192,46173,46176,46155,46177,46181,46169
1485,46194,46290,46280,46256,46310,46286,46320,46292,46318,46294,46269,46322,46262,46260,46264,46252,46304,46266,46329,46254,46272,46255,46324,46259,46261,46312,46282,46296,46274,46308,46298
1486,46195,46326,46339,46335,46295,46279,46287,46351,46325,46303,46333,46317,46283,46313,46346,46348,46289,46347,46350,46340,46334,46285,46349,46331,46344,46299,46332,46323,46307,46271,46277
1492,46461,46499,46474,46471,46473,46511,46478,46469,46486,46492,46504,46500,46476,46488,46516,46512,46517,46514,46493,46509,46515,46472,46481,46479,46496,46477,46510,46501,46503,46490,46480
1507,46736,46749,46780,46791,46760,46790,46754,46788,46774,46753,46761,46792,46783,46775,46746,46789,46763,46752,46768,46773,46751,46747,46784,46748,46765,46759,46782,46770
1523,47012,47066,47068,47084,47078,47107,47070,47115,47105,47086,47090,47100,47113,47072,47117,47102,47059,47097,47057,47061,47118,47098,47108,47094,47116,47048,47096
1525,47014,47185,47211,47218,47179,47187,47201,47174,47206,47177,47180,47204,47203,47194,47223,47219,47183,47178,47198,47188,47215,47222,47172,47184,47199,47217,47176,47181,47186,47210,47193
1535,47284,47411,47387,47439,47422,47389,47378,47421,47437,47443,47419,47431,47384,47435,47440,47418,47369,47426,47374,47432,47429,47407,47396,47425,47380,47424,47363,47409,47371,47382,47400
1536,47285,47299,47294,47336,47331,47303,47315,47322,47337,47307,47300,47321,47334,47301,47339,47310,47296,47293,47304,47335,47327,47291,47328,47298,47318,47295,47288,47312,47326,47305,47313
1544,47553,47565,47563,47605,47597,47580,47608,47590,47568,47598,47603,47578,47574,47573,47594,47561,47595,47588,47584,47559,47604,47587,47606,47579,47560,47589,47566
1574,48103,48113,48118,48134,48155,48158,48109,48128,48153,48148,48144,48124,48111,48145,48130,48140,48138,48137,48154,48115,48147,48123,48136,48146,48149,48159,48150
1590,48379,48421,48395,48394,48413,48424,48390,48385,48427,48414,48432,48391,48434,48392,48429,48430,48399,48433,48397,48418,48431,48416,48404,48409,48387,48396,48412,48420,48386,48384,48398
1606,48655,48668,48690,48692,48671,48680,48670,48689,48693,48663,48697,48673,48661,48687,48707,48711,48703,48706,48705,48665,48675,48662,48698,48682,48676,48708,48660,48683,48710,48679,48684
1622,48931,48965,48969,48936,48982,48945,48957,48964,48973,48981,48968,48951,48967,48984,48963,48980,48940,48950,48954,48946,48937,48955,48979,48974,48962,48972,48960,48953,48986,48949,48939
1625,48934,49098,49112,49140,49142,49139,49102,49103,49104,49124,49111,49119,49141,49143,49134,49135,49131,49125,49114,49100,49105,49097,49126,49123,49101,49117,49138,49137
1626,49018,49171,49159,49178,49155,49147,49187,49164,49150,49149,49177,49152,49151,49190,49195,49191,49146,49194,49163,49154,49193,49176,49183,49192,49156,49166,49173,49160,49158,49168,49181
1628,49197,49223,49247,49231,49238,49221,49206,49201,49217,49208,49239,49216,49232,49240,49204,49249,49248,49241,49230,49244,49246,49202,49222,49214,49210,49233,49235
1653,49742,49786,49763,49754,49777,49790,49752,49760,49750,49759,49767,49766,49795,49774,49798,49794,49757,49787,49758,49781,49749,49779,49769,49755,49762,49793,49775,49747,49797,49770,49772
1683,50292,50340,50305,50309,50303,50329,50317,50327,50319,50324,50316,50330,50302,50344,50307,50304,50343,50345,50348,50347,50308,50300,50331,50312,50336,50346,50323,50342,50321,50299,50315
1766,51883,51986,51945,51989,51970,51960,51949,51954,51975,51967,51972,51968,51943,51977,51940,51978,51971,51948,51976,51958,51981,51950,51983,51941,51987,51946,51952,51963,51982,51938,51964
1776,52153,52171,52207,52161,52198,52178,52203,52163,52205,52159,52197,52191,52185,52168,52164,52174,52173,52169,52204,52187,52177,52165,52180,52195,52166,52209,52162,52199,52181,52179,52200
1793,52430,52480,52474,52444,52461,52439,52482,52450,52477,52459,52454,52460,52447,52481,52466,52434,52468,52437,52485,52446,52440,52435,52445,52441,52465,52449,52472,52438,52470,52458,52452
1810,52966,53019,52971,53003,53001,53010,52983,52981,53011,52990,52979,52993,52978,52986,53021,53018,52991,53014,53002,52974,53020,52982,53017,52998,53016,52973,53013,53007,52988,52994,53022
1818,53235,53245,53265,53276,53243,53287,53251,53275,53253,53258,53281,53260,53283,53285,53270,53277,53240,53278,53250,53268,53272,53241,53248,53289,53239,53286,53269,53238,53247,53282,53244
1831,53508,53535,53516,53523,53521,53556,53525,53545,53557,53524,53547,53520,53518,53544,53560,53540,53513,53546,53561,53519,53563,53543,53564,53559,53552,53533,53530,53551,53529,53536,53537
1846,53783,53847,53790,53877,53883,53863,53887,53831,53812,53853,53817,53808,53819,53791,53827,53795,53881,53849,53851,53788,53801,53840,53871,53797,53844,53845,53842,53861,53867,53857,53873
1847,53784,53884,53868,53834,53805,53830,53798,53852,53864,53870,53815,53848,53880,53820,53856,53843,53813,53860,53796,53824,53888,53846,53794,53802,53858,53811,53862,53854,53841,53816,53839
1857,54054,54095,54075,54085,54069,54079,54081,54091,54109,54106,54105,54074,54104,54060,54062,54098,54088,54096,54099,54066,54089,54064,54087,54092,54067,54103,54078
1896,54821,54839,54858,54832,54875,54838,54845,54828,54877,54842,54866,54836,54874,54860,54834,54859,54829,54833,54846,54869,54872,54873,54848,54853,54841,54837,54864,54827,54857,54852,54835
1902,55087,55130,55123,55142,55099,55101,55121,55139,55091,55096,55111,55141,55094,55138,55102,55125,55118,55134,55135,55140,55097,55124,55098,55122,55113,55137,55136,55115,55131,55100,55095
1906,55143,55157,55177,55192,55153,55152,55176,55184,55154,55163,55167,55179,55159,55194,55160,55181,55196,55197,55166,55169,55158,55186,55174,55149,55195,55164,55198
1941,55698,55736,55728,55734,55753,55733,55703,55714,55737,55725,55722,55752,55710,55750,55742,55741,55718,55709,55723,55713,55751,55748,55732,55704,55708,55754,55738,55744,55747,55717,55739
1952,55969,55996,55989,56008,55985,55984,56006,56007,55986,56020,55977,55982,56022,56001,56013,56023,55979,55994,55980,56021,56025,56017,56016,55975,56018,56009,55993,56011
1983,56520,56615,56622,56587,56598,56627,56606,56616,56610,56626,56591,56584,56625,56577,56623,56576,56581,56582,56624,56578,56586,56596,56621,56609,56608,56579,56617,56612,56589,56604,56613
1986,56523,56730,56690,56683,56719,56713,56707,56695,56723,56692,56699,56710,56729,56702,56687,56726,56682,56727,56712,56731,56693,56728,56685,56688,56686,56714,56689,56696,56697,56709,56724
1992,56789,56837,56806,56843,56795,56840,56841,56823,56827,56821,56802,56809,56833,56801,56842,56826,56845,56831,56800,56797,56824,56828,56839,56805,56807,56794,56796,56836,56830,56835,56798
1993,56790,56885,56878,56872,56886,56891,56868,56896,56861,56866,56853,56876,56892,56862,56847,56882,56875,56849,56856,56851,56893,56883,56855,56890,56846,56852,56880
2012,57329,57356,57373,57363,57372,57337,57335,57341,57339,57374,57354,57349,57380,57379,57334,57364,57381,57365,57382,57377,57371,57350,57338,57385,57351,57346,57370
2014,57331,57413,57394,57392,57419,57437,57391,57429,57420,57425,57398,57435,57389,57416,57434,57408,57406,57433,57418,57432,57396,57387,57397,57422,57431,57424,57393,57402
2024,57601,57613,57645,57646,57656,57635,57626,57621,57643,57616,57642,57607,57652,57638,57609,57636,57653,57632,57611,57628,57622,57651,57633,57617,57648,57640,57631
2079,58696,58738,58727,58732,58737,58711,58706,58748,58740,58712,58746,58743,58722,58710,58713,58702,58751,58716,58707,58739,58730,58700,58745,58717,58749,58715,58735,58726,58721,58728,58723
2095,58972,59059,59056,59033,59040,59034,59053,59057,59037,59039,59075,59027,59047,59072,59076,59038,59078,59058,59049,59077,59061,59060,59030,59035,59029,59074,59071,59067,59045,59063,59065
2096,58973,59174,59161,59131,59146,59132,59171,59170,59179,59162,59151,59153,59139,59157,59133,59144,59180,59156,59164,59134,59138,59163,59136,59158,59142,59147,59168,59169,59135,59150,59167
2097,58974,59089,59095,59124,59105,59080,59129,59118,59111,59119,59109,59115,59125,59094,59101,59084,59126,59116,59099,59082,59108,59086,59098,59081,59128,59123,59122
2102,59239,59371,59394,59345,59397,59327,59314,59318,59349,59390,59321,59329,59331,59316,59368,59358,59364,59335,59396,59395,59325,59393,59308,59383,59343,59310,59389,59352,59391,59360,59377
2119,59516,59677,59703,59717,59701,59689,59712,59704,59693,59713,59706,59663,59661,59657,59653,59667,59680,59668,59722,59650,59711,59714,59719,59707,59708,59721,59686,59665,59697,59700,59682
2130,59787,59839,59798,59806,59830,59802,59794,59836,59837,59821,59801,59842,59823,59828,59813,59818,59796,59811,59831,59793,59827,59834,59825,59840,59838,59799,59841,59809,59810,59791
2144,60061,60086,60068,60114,60069,60113,60088,60112,60073,60109,60111,60099,60098,60066,60115,60117,60100,60067,60105,60095,60071,60082,60072,60077,60076,60116,60104,60094,60103,60089,60091
2159,60336,60351,60391,60346,60386,60372,60371,60370,60347,60390,60348,60389,60384,60354,60349,60352,60360,60353,60363,60387,60357,60380,60361,60344,60374,60378,60366,60364,60367,60355,60385
2174,60611,60624,60618,60627,60638,60655,60664,60616,60661,60621,60648,60633,60629,60622,60619,60649,60663,60650,60635,60662,60653,60631,60665,60628,60642,60636,60657,60652,60634,60639,60630
2204,61161,61216,61196,61211,61185,61176,61203,61205,61172,61188,61177,61200,61179,61198,61178,61195,61213,61182,61215,61173,61186,61171,61174,61201,61184,61166,61214
2237,61714,61762,61755,61760,61728,61733,61750,61747,61739,61756,61718,61730,61765,61764,61746,61744,61732,61729,61724,61754,61766,61768,61751,61757,61763,61749,61741,61736,61721,61753,61767
2259,62256,62370,62368,62408,62376,62397,62383,62393,62382,62410,62400,62402,62412,62373,62395,62375,62369,62392,62374,62379,62413,62385,62403,62396,62381,62378,62364