61
62
63
64
65
66
67
69
70
71
72
73
74
75
76
78
79
80
82
83
84
85
86
87
88
89
90
91
92
94
96
98
99
100
101
102
103
104
105
106
107
108
109
110
111
112
113
114
115
116
117
118
119
120
121
122
123
124
125
126
127
128
129
130
131
133
134
135
136
137
138
139
140
141
142
143
144
145
146
148
149
150
151
152
153
159
160
161
165
168
170
171
172
173
174
175
176
177
178
179
180
181
182
184
185
186
187
188
189
190
191
192
193
195
196
197
198
200
201
202
203
205
206
207
208
209
210
211
212
213
214
215
217
218
219
220
222
223
224
225
226
227
228
229
232
233
234
236
237
238
239
240
241
244
245
246
250
251
252
253
254
255
256
257
258
259
260
262
263
265
266
268
269
270
271
272
273
274
275
276
277
278
279
280
282
283
284
285
286
287
288
289
290
291
293
297
298
300
306
307
323
325
328
329
330
332
334
335
336
337
338
339
340
341
349
354
355
356
357
358
359
362
363
364
365
366
367
369
370
372
373
374
375
376
377
378
379
380
381
382
383
385
387
389
390
391
392
393
394
395
396
397
398
399
400
401
402
403
404
405
406
407
408
409
410
411
413
414
415
417
418
419
420
421
423
424
425
426
427
428
430
431
432
435
437
438
440
441
443
444
445
446
448
449
450
451
452
453
454
455
456
457
458
459
460
461
462
463
464
465
466
467
468
469
470
471
472
473
474
475
476
477
478
479
481
482
483
485
486
487
488
489
491
492
494
495
497
499
500
501
503
510
511
512
513
514
515
516
517
518
519
525
526
527
529
531
537
538
539
541
547
549
550
551
552
555
556
557
558
560
561
562
563
564
565
566
567
568
569
578
579
580
581
582
583
584
586
587
588
589
591
592
593
594
595
596
598
599
600
602
603
604
605
607
608
610
611
613
614
615
616
617
619
620
621
623
624
625
626
627
628
631
632
633
634
636
637
638
639
641
642
643
644
645
646
647
648
650
652
653
654
655
657
658
659
660
661
662
663
664
665
666
667
668
669
670
672
675
677
678
679
680
681
682
683
684
686
687
689
690
693
696
699
700
701
702
703
704
705
706
707
708
709
710
711
712
713
714
715
716
717
718
719
720
722
723
724
726
727
728
729
730
731
732
733
734
735
736
737
739
740
741
742
743
745
746
747
749
750
752
753
754
757
758
759
760
761
762
763
764
765
766
767
768
770
775
776
777
778
779
782
783
784
786
788
789
792
793
794
795
796
797
798
799
800
801
805
806
807
808
809
810
811
813
814
815
816
817
818
819
821
822
823
824
825
826
827
828
830
831
833
834
836
837
838
840
841
842
843
845
846
847
848
849
850
851
853
854
855
856
858
859
860
861
862
863
865
866
867
868
869
870
871
873
875
876
878
880
881
882
883
884
885
886
887
888
890
891
892
893
895
897
898
899
900
901
902
904
905
906
907
908
910
911
912
914
915
916
917
918
919
920
922
923
924
925
928
930
931
933
934
935
936
937
938
939
940
941
942
943
944
945
953
954
958
959
960
961
968
970
971
972
973
980
981
983
984
985
986
987
988
992
993
999
1000
1001
1006
1007
1009
1013
1014
1015
1016
1017
1019
1020
1021
1022
1024
1025
1028
1039
1041
1042
1045
1046
1048
1049
1050
1051
1052
1053
1054
1055
1056
1057
1058
1059
1060
1061
1063
1064
1065
1067
1073
1076
1077
1078
1079
1080
1082
1083
1084
1085
1086
1087
1088
1089
1090
1091
1092
1093
1094
1095
1097
1098
1100
1102
1103
1105
1109
1110
1115
1116
1122
1123
1125
1128
1129
1135
1137
1138
1140
1142
1143
1144
1145
1146
1147
1149
1150
1151
1152
1153
1156
1157
1158
1159
1161
1162
1163
1164
1166
1167
1168
1169
1170
1171
1173
1175
1176
1178
1179
1183
1185
1187
1190
1191
1192
1193
1198
1199
1200
1201
1202
1205
1206
1211
1220
1221
1224
1227
1228
1232
1234
1235
1236
1237
1238
1239
1240
1241
1242
1243
1244
1246
1247
1248
1249
1250
1251
1252
1254
1256
1257
1259
1260
1263
1264
1265
1266
1267
1269
1270
1272
1273
1274
1275
1276
1277
1280
1283
1286
1287
1288
1292
1295
1300
1301
1302
1304
1305
1307
1308
1309
1310
1311
1312
1313
1314
1316
1318
1319
1320
1321
1322
1323
1324
1326
1327
1328
1329
1330
1331
1333
1353
1381
1467
1468
1469
1471
1479
1544
1590
1625
1628
1793
1846
1993
2119
2323
2330
2331
2341
2379
2381
2384
2385
2387
2389
2395
2396
2397
2399
2400
2402
2404
2407
2408
2409
2410
2414
2417
2419
2420
2421
2422
2425
2427
2428
2431
2432
2433
2434
2437
2439
2446
2447
2451
2454
2456
2457
2458
2459
2462
2464
2467
2469
2477
2478
2481
2483
2491
2493
2494
2495
2496
2497
2501
2503
2504
2505
2507
2509
2510
2513
2514
2515
2517
2519
2520
2523
2524
2525
2529
2534
2538
2539
2546
2549
2578
2580
2586
2587
2592
2593
2594
2595
2598
2600
2601
2603
2604
2606
2608
2609
2612
2614
2616
2617
2620
2622
2623
2624
2694
2696
2697
2700
2701
2702
2703
2705
2706
2708
2709
2711
2712
2713
2714
2716
2717
2722
2725
2726
2730
2731
2732
2733
2734
2872
2877
2878
2883
2884
2888
2889
2893
2894
2896
2898
2899
2901
2902
2904
2907
2909
2910
2917
2926
2931
2932
2933
2940
2943
2944
2946
2947
2949
2950